,2021-10-23 00:00:00+02:00,2021-10-23 00:15:00+02:00,2021-10-23 00:30:00+02:00,2021-10-23 00:45:00+02:00,2021-10-23 01:00:00+02:00,2021-10-23 01:15:00+02:00,2021-10-23 01:30:00+02:00,2021-10-23 01:45:00+02:00,2021-10-23 02:00:00+02:00,2021-10-23 02:15:00+02:00,2021-10-23 02:30:00+02:00,2021-10-23 02:45:00+02:00,2021-10-23 03:00:00+02:00,2021-10-23 03:15:00+02:00,2021-10-23 03:30:00+02:00,2021-10-23 03:45:00+02:00,2021-10-23 04:00:00+02:00,2021-10-23 04:15:00+02:00,2021-10-23 04:30:00+02:00,2021-10-23 04:45:00+02:00,2021-10-23 05:00:00+02:00,2021-10-23 05:15:00+02:00,2021-10-23 05:30:00+02:00,2021-10-23 05:45:00+02:00,2021-10-23 06:00:00+02:00,2021-10-23 06:15:00+02:00,2021-10-23 06:30:00+02:00,2021-10-23 06:45:00+02:00,2021-10-23 07:00:00+02:00,2021-10-23 07:15:00+02:00,2021-10-23 07:30:00+02:00,2021-10-23 07:45:00+02:00,2021-10-23 08:00:00+02:00,2021-10-23 08:15:00+02:00,2021-10-23 08:30:00+02:00,2021-10-23 08:45:00+02:00,2021-10-23 09:00:00+02:00,2021-10-23 09:15:00+02:00,2021-10-23 09:30:00+02:00,2021-10-23 09:45:00+02:00,2021-10-23 10:00:00+02:00,2021-10-23 10:15:00+02:00,2021-10-23 10:30:00+02:00,2021-10-23 10:45:00+02:00,2021-10-23 11:00:00+02:00,2021-10-23 11:15:00+02:00,2021-10-23 11:30:00+02:00,2021-10-23 11:45:00+02:00,2021-10-23 12:00:00+02:00,2021-10-23 12:15:00+02:00,2021-10-23 12:30:00+02:00,2021-10-23 12:45:00+02:00,2021-10-23 13:00:00+02:00,2021-10-23 13:15:00+02:00,2021-10-23 13:30:00+02:00,2021-10-23 13:45:00+02:00,2021-10-23 14:00:00+02:00,2021-10-23 14:15:00+02:00,2021-10-23 14:30:00+02:00,2021-10-23 14:45:00+02:00,2021-10-23 15:00:00+02:00,2021-10-23 15:15:00+02:00,2021-10-23 15:30:00+02:00,2021-10-23 15:45:00+02:00,2021-10-23 16:00:00+02:00,2021-10-23 16:15:00+02:00,2021-10-23 16:30:00+02:00,2021-10-23 16:45:00+02:00,2021-10-23 17:00:00+02:00,2021-10-23 17:15:00+02:00,2021-10-23 17:30:00+02:00,2021-10-23 17:45:00+02:00,2021-10-23 18:00:00+02:00,2021-10-23 18:15:00+02:00,2021-10-23 18:30:00+02:00,2021-10-23 18:45:00+02:00,2021-10-23 19:00:00+02:00,2021-10-23 19:15:00+02:00,2021-10-23 19:30:00+02:00,2021-10-23 19:45:00+02:00,2021-10-23 20:00:00+02:00,2021-10-23 20:15:00+02:00,2021-10-23 20:30:00+02:00,2021-10-23 20:45:00+02:00,2021-10-23 21:00:00+02:00,2021-10-23 21:15:00+02:00,2021-10-23 21:30:00+02:00,2021-10-23 21:45:00+02:00,2021-10-23 22:00:00+02:00,2021-10-23 22:15:00+02:00,2021-10-23 22:30:00+02:00,2021-10-23 22:45:00+02:00,2021-10-23 23:00:00+02:00,2021-10-23 23:15:00+02:00,2021-10-23 23:30:00+02:00,2021-10-23 23:45:00+02:00
2021-10-22 16:15:00+02:00,,,,,,,,,,,,,,,,,,,,,,,,,,,,,,,,,,,,,,,,,,,,,,,,,,,,,,,,,,,,,,,,,,,,,,,,,,,,,,,,,,,,,,,,,,,,,,,,
2021-10-22 16:30:00+02:00,,,,,,,,,,,,,,,,,,,,,,,,,,,,,,,,,,,,,,,,,,,,,,,,,,,,,,,,,,,,,,,,,,,,,,,,,,,,,,,,,,,,,,,,,,,,,,,,
2021-10-22 16:45:00+02:00,,,,,,,,,,,,,,,,,,,,,,,,,,,,,,,,,,,,,,,,,,,,,,,,,,,,,,,,,,,,,,,,,,,,,,,,,,,,,,,,,,,,,,,,,,,,,,,,
2021-10-22 17:00:00+02:00,,,,,,,,,,,,,,,,,,,,,,,,,,,,,,,,,,,,,,,,,,,,,,,,,,,,,,,,,,,,,,,,,,,,,,,,,,,,,,,,,,,,,,,,,,,,,,,,
2021-10-22 17:15:00+02:00,,,,,,,,,,,,,,,,,,,,,,,,,,,,,,,,,,,,,,,,,,,,,,,,,,,,,,,,,,,,,,,,,,,,,,,,,,,,,,,,,,,,,,,,,,,,,,,,
2021-10-22 17:30:00+02:00,,,,,83.54575,,75.19250000000001,68.73600000000003,,,,,,,,,,,,,,,,,,,,,,,,,,,,,,,,,,,,,,,,,,,,,,,,,,,,,,,,,,,,,,,,,,,,,,,,,,,,,,,,,,,,,,,,
2021-10-22 17:45:00+02:00,112.48160493827162,82.61272108843538,76.70700854700854,66.33967105263159,81.31928571428573,,72.16238095238094,67.7978048780488,73.03524999999999,74.75366666666667,73.33975,75.24060606060607,,,,,,,,,,,,,,,,,,,,,,,144.71240740740743,,,143.89716666666666,142.17139999999998,,,,146.24761904761905,,,,,,,,,,,,,,,,,,,,,,,,,,,,,,,,,,,,,,,,,,,,,,,,,167.8922164948454,,,,
2021-10-22 18:00:00+02:00,120.86536585365855,,,,,,,,,,,,,,,,,,,,,,,,,,,,,,,153.52129411764705,126.4,134.0205,136.9607142857143,145.89900000000003,,,,,,,,,,,,,,,,,,,,,,,,,,,,,,,,,,,,,,,,,,,,,,,,,215.74923076923068,,,,,,,,,,,
2021-10-22 18:15:00+02:00,,,,,,,,,,,,,,,,,,,,,,,,,,,,,,,,,,,,,,,,,,148.56577777777775,,,,,,,,,,,,,,,,,,,,,160.72650000000002,,134.3218181818182,184.05615384615385,184.0533333333333,208.3228205128205,,,,240.30923076923077,210.33769230769232,208.58881188118815,231.94409090909087,,,,247.90859999999998,208.2056,,,206.684262295082,178.74619999999996,,,,,,,,,,,,
2021-10-22 18:30:00+02:00,,,,69.67586206896553,,,,,,,,,,,,,,,,,,,,,,,,,,,,,,131.31508196721305,,,,,,,,,,133.9184,152.15714285714287,132.50000000000003,116.02,93.25000000000001,,,,,,,,,,,,,,,,,,,,,,,,240.17,,,232.3685714285714,,,,,,,,,,234.0724210526316,203.63879746835445,189.33871287128719,185.5374,,,,,,,,
2021-10-22 18:45:00+02:00,113.89150000000001,,,65.49882352941175,,80.29832061068701,80.6471111111111,65.09666666666666,73.55740585774058,73.19999999999999,76.51437788018434,77.14477551020408,64.27777777777777,68.2313043478261,85.13571428571427,82.76689655172414,60.53285714285715,63.30777777777778,80.73696969696971,83.81701298701299,62.38999999999999,,83.23770833333332,,53.15562130177514,65.88412429378532,79.10268292682929,86.85621621621621,,,126.74934210526315,,128.8455033557047,136.2489705882353,135.59536585365854,150.509375,146.98,,,,153.44000000000003,,,,,,,,,,,,,,,,,107.069,,,104.82263157894738,,,191.92999999999998,,,,208.21,,,198.34714285714287,243.0682352941176,210.39000000000001,210.025,238.56,267.55,298.0,253.045,249.42,206.12250000000003,264.12882352941176,228.17,206.09400000000002,183.37200000000004,239.63727272727272,209.54600000000002,192.205,,204.02999999999997,190.57902439024392,183.89999999999998,,191.56016666666667,,,129.6675
2021-10-22 19:00:00+02:00,112.77633802816902,89.706,93.10925925925925,58.47714285714285,90.59855999999999,82.88394366197183,80.99130434782609,63.718387096774194,76.19324324324324,78.25333333333333,82.13824468085106,85.7625,66.89053435114505,65.57810810810811,88.33883720930234,,58.472727272727276,62.344545454545454,,,61.61380952380953,68.084,93.35428571428572,,52.54756756756757,62.817058823529415,83.45497267759565,97.01471014492753,92.91552631578948,93.30351351351351,128.19184549356223,,128.89754098360658,141.7712380952381,136.55545454545455,146.72612903225803,146.47916666666666,,,,,,143.99714285714285,,,,,,,,,,,,,,,,,,,,,191.825,,,,,,,198.62846153846152,,,212.02,244.86545454545455,278.85592592592593,298.0,254.4,245.228125,206.18,267.14,228.17,206.33,184.63076923076923,241.45,,194.68888888888887,,,191.4408695652174,183.26363636363635,,,,,
2021-10-22 19:15:00+02:00,113.4610752688172,88.9994,80.70072463768116,57.420537634408596,,85.53720930232558,81.71825,63.8971875,76.923,76.94779342723004,79.86974358974359,81.10017857142857,62.51962962962963,63.44347826086956,86.11625000000002,88.31470588235295,58.401898734177216,62.33125,,,61.386428571428574,67.14,93.58000000000001,,51.94699421965318,60.9076,88.56283870967742,,87.0922252010724,91.86628571428571,126.95267857142855,155.3285333333333,128.58449541284403,142.9414457831325,139.92045454545453,146.374,145.33692307692306,,,,,,,,,,,,,,,,,102.56941176470588,,90.0672222222222,,,,,,,,191.96043478260873,,,,,,,,,191.87605263157894,212.01999999999998,241.07888888888888,270.72444444444443,290.616875,254.3546666666667,247.2586666666667,206.14666666666668,267.09625,228.17,206.28133333333335,184.63357142857143,,,194.92655172413794,,,195.3107142857143,182.90000000000003,167.11109589041095,,,,
2021-10-22 19:30:00+02:00,112.39384615384614,,86.89211267605634,57.12090909090909,,,85.40882352941175,61.094,80.71807142857143,82.61448275862071,86.08433566433567,83.75,59.098292682926825,60.114768211920534,,,56.75941176470589,64.9833870967742,,,61.69117647058823,66.78105263157894,,,47.635161290322586,60.920869565217394,,89.11142857142858,85.46016260162602,,127.558407079646,,128.58137254901965,144.0879120879121,,,141.09854166666662,143.23763157894734,135.6535714285714,129.3502290076336,,144.23874999999998,141.285,,,,,,,,,,,,,,,,,,,,,,,,,,,,,,,,239.4176923076923,254.99,286.3566666666667,254.54,247.336,206.07666666666668,267.14,228.17,208.6969230769231,184.60249999999996,,,,,,196.61841584158415,182.9,,195.79571428571427,,,
2021-10-22 19:45:00+02:00,,,,57.14,,,86.21061855670104,68.57,84.65431034482758,,,,31.708333333333332,,,,56.52117647058824,61.2225,,,,,,,46.54916666666666,60.53375,84.605,87.49,,84.36264150943396,127.90581395348838,,128.9,,,146.27705882352942,140.55,145.579,135.20999999999998,,,,,,,,,,,,,,,,,,,,,,,,,,,,,,,,198.78875,,,,,,,,,,,,,,,,,,,197.79083333333332,182.31384615384619,,,,,
2021-10-22 20:00:00+02:00,106.42000000000002,,79.36600000000001,,,,,,,,,,,,,,,,,80.51463414634148,,,79.98703703703704,,,,80.90715789473684,,79.51098591549297,,,,,,,,,,,,,,,,,,,,,,,,,,,,,,,,,,,,,,,,,,,,,,227.501875,250.2847524752476,266.26959999999997,248.4198039215687,250.7323529411765,212.5882142857143,,,,,,,,,,,,,,,,
2021-10-22 20:15:00+02:00,,,,,,,77.32985401459855,,,,,,,,77.43673076923076,,57.466241134751776,68.06645161290324,79.76485549132948,,,,,,,,76.94968152866242,,,,,,,,,,,,,,,,,,156.53809523809525,,,,,,,,,,,,,,,,,,,,,,,,,,,,,,,,,,,,,,,,,,,,,,,,,,,
2021-10-22 20:30:00+02:00,96.25869918699186,80.97107981220655,76.87574803149607,57.13578947368422,,,,,69.4208888888889,73.43687022900764,73.83021897810217,72.61508196721311,,,,,,,,,,,77.05692307692306,,,,,,,,,,,,,,,,,,,,,,,,,,,,,,,,,,,,,,,,,,,,,,,,,,,,,,,,,,,,,,,,,,,,,,,,,
2021-10-22 20:45:00+02:00,89.05807692307692,,,,77.60135802469136,,,,,,,,,,,,,,,,,,,,,,,,,,,,127.57750000000001,,142.04409090909093,141.90454545454548,147.61378378378382,148.70673267326728,137.91774647887326,131.47728971962613,,,140.77590909090907,,,,,,,,,,,,,,,,,,,,,,134.6196551724138,166.98774193548388,186.81675675675677,,,,,,,,,,,,,,,,,,,,,,,,,,,,,
2021-10-22 21:00:00+02:00,86.53194805194805,78.73666666666666,78.61309523809523,62.29006211180123,74.67357723577236,,,,,,72.88521739130435,72.48839694656488,,,,,,,,,,,,,,,,,,,,,,,,,,,,,,,,133.29883720930238,,,,,,,,,,,,,,,,,,,,,,,,,,,,,,224.24095238095234,,257.9841666666666,287.64825,255.15188679245284,251.36374999999992,204.8826086956522,,,,,,,,,,,,,,,,
2021-10-22 21:15:00+02:00,94.5615593220339,84.33925106990016,79.1687194127243,66.7714150943396,85.6472258064516,81.805125,79.80325814536342,,,,76.9635519125683,82.86301369863013,,,,,,,,,,,,,,,,,,,,,,,,,,,,,,,,,,,,,,,,,,,,,,,,,,,,,,,,,,197.65980392156865,200.84301369863013,244.7487837837838,201.44269662921346,229.97250000000003,,,296.17120879120876,271.11041095890414,264.408,199.03313559322035,260.60338983050843,,,,,,,,192.51592592592593,189.24787234042557,,153.54361702127662,,,,
2021-10-22 21:30:00+02:00,,88.77658536585365,84.14442477876106,,88.92699999999999,,83.33735849056603,,,,,,,,,86.80208333333333,,,,,,,,,,,,,,,,,,,,,,,,,154.19047619047618,148.32857142857142,139.85714285714283,124.094,155.26000000000005,139.08333333333334,116.70515151515154,93.40700000000001,,,,93.08974358974359,,,,,99.38827586206895,113.7196551724138,123.91136363636363,148.39741935483872,,,,,,,,,,,,,,,,,,,,,,,,,,,,,,,,,,,,
2021-10-22 21:45:00+02:00,103.36032786885248,,78.91085714285714,,,,,,,,,,,,,,,,,,,,,,,,,,,,,,,,,,,,141.05909090909088,,,,,,,,,,,,,,,,,,,,,,,,,,,,,,,,205.76045454545454,,,,,,,,,,,,,,,,,,193.56,,,,,,,
2021-10-22 22:00:00+02:00,106.88753512132823,89.93439189189189,77.37532206119162,65.85137999999999,94.82022304832714,86.862,81.09363957597174,72.39659090909089,,,,,55.80091743119265,57.870251256281406,,,,,,,,,,,,,,,,,,145.7871828665568,,,,,,,,,,,,,,,,,,,,,,,,,,,,,,,,,,177.2952280130293,,,,,197.65487804878046,,,,,,,,,,,,,,236.7042857142857,,,183.67237500000002,,197.46750000000003,176.51689655172416,163.4588495575221,198.19407407407405,,,
2021-10-22 22:15:00+02:00,75.15613459879205,78.17889841688655,69.44101694915256,57.35217154526889,87.59196761133603,81.51197568389058,76.67185979971389,69.33642433234422,68.35888888888888,70.988125,,77.44338278931751,57.51353159851303,59.82401459854013,77.77273170731708,,,,,,,,,95.49608695652174,,,,,82.425,89.02968503937008,130.59506726457397,151.1923643410853,,149.00705394190868,143.3132911392405,145.1716923076923,,,,,,,,,,,,,,,,,,,,,101.95670329670327,115.76868217054265,129.76511811023624,150.0946456692913,112.61993377483442,151.87250996015933,169.7540217391304,197.76298804780876,138.2279930191972,173.5928963414634,192.8112221231044,219.33598076923073,166.12476,183.1455211726384,208.11741545893716,251.07189795918362,199.87574468085108,218.5280487804877,244.2572727272727,261.0949056603773,,,,,,,,,236.53788617886187,200.790625,185.5273913043478,180.18906666666672,198.12701754385967,193.52848101265823,178.71808510638294,149.76334365325076,,,,
2021-10-22 22:30:00+02:00,56.264660074165626,57.240575719649556,36.24747239263804,46.383818646232434,74.79160298229263,72.73480186480187,71.12478321678323,60.89971128608922,,,,68.21247787610619,46.098393782383425,52.64711538461536,77.00380327868851,82.16409836065574,,,,,60.145714285714284,62.67158620689655,73.73138888888889,,,,,,,,,,,,,,,,,,,,,,,,,,,,,,,,,,,,,,,,,,,,,,,,208.3040579710145,253.00720720720722,198.7359239130435,221.92871345029243,248.66643333333332,264.20378676470597,,,,,,,,,,,,,,,,,,,,
2021-10-22 22:45:00+02:00,69.59184573002756,66.74877450980394,61.56364296081278,27.9878125,67.14604060913706,69.78753623188405,65.47635627530364,55.62914089347079,,70.16916666666667,,66.6911111111111,45.5385294117647,55.008799999999994,78.19828124999998,84.73264462809917,,,,,58.442138728323705,61.19582417582417,,89.15265822784811,,,,,,,,,,,,,,,,,,,,,,,,,,,,,,,,,,,,,,,,,,,,,,,208.2558974358974,,,,,,,,,,,,,,,,,,,,,,,,,
2021-10-22 23:00:00+02:00,86.42138548539114,72.62802272727274,69.0671219512195,31.36013201320132,78.3333125,74.94177272727273,70.16489247311827,49.68135429262395,65.57787878787879,,,,48.25714932126698,57.820036764705875,83.7743956043956,87.03198198198196,50.25321266968326,,,76.78626506024096,,,,,,,,,,,,,,,,,,,,,,,,,,,,,,,,,,,,,,,,,,,,,,,,,,,,252.34904109589039,,,,,,,,,,,,,,,,,,,,,,,,
2021-10-22 23:15:00+02:00,113.19802077638052,86.51005212211466,67.07662983425415,43.826911290322585,74.43195652173914,79.62472440944882,71.95479591836735,,68.33661971830985,73.6227777777778,,,,,,,,,,,,,,,47.14219354838709,,,,,,,,125.07310344827587,,141.5662162162162,143.4065671641791,,,,,,,,,,,,,,,,,,,,,,,,,,,,,,,,,,,,,,,,,,,,,,,,,,,,,,,,,,,,120.541875
2021-10-22 23:30:00+02:00,140.31447850599014,143.64135987978963,79.70653084323712,55.03408999598233,80.3426273458445,80.99125333333332,77.19044715447154,56.271548672566375,,,,77.95148837209302,55.145851318944835,60.86882075471698,86.46628415300547,91.5118867924528,54.85536,66.97482142857143,81.45974137931034,81.71408450704227,,,,,,,,,,,,,,,,,,,,,,,,,,,,,,,,,,,,,,,,,,,,,135.33608695652174,,192.5678102189781,227.53517482517483,,,209.0707471264368,,,,,,,,,,272.0586666666667,,207.16303030303027,173.11045161290323,232.0734309623431,200.66517241379307,185.22256,174.63112068965515,197.2791666666667,,,,196.82666666666663,162.1009523809524,136.97964412811388,120.93272727272728
2021-10-22 23:45:00+02:00,114.67345006485085,77.8447819314642,75.96839267548322,54.22212574850299,77.68597402597402,77.0402564102564,,57.99938775510204,,,,,,,,,,,80.61639344262295,,,,,,,63.180617760617764,,,,,,,,,,,,,,,,,,,,140.685306122449,,,,,,,,,,,,,,,,,,,,,,,,,,,,,,,,,,,,,,,,,186.17539267015704,174.78046632124352,193.71206896551726,189.70045454545456,174.82535714285714,,,,,
2021-10-23 00:00:00+02:00,89.63308852459016,75.78062893081761,61.77157894736842,51.0611917659805,74.225,79.39198547215499,79.85020547945207,59.5265274151436,,,,,,59.68932773109244,88.56310344827584,,,,,,,,,,48.32339331619538,63.75,86.09782608695652,,,,,,,,,,,,,,,,,,,,,,,,,,,,,,,,,,,,,,,,,,,,,,,,,,,,,,,,,,232.1156451612903,200.76368421052626,187.06186046511624,174.33479999999997,,,,,,,,
2021-10-23 00:15:00+02:00,,31.744212513484353,48.8544255050505,30.64890344492964,78.8022298136646,73.7510815173527,74.08427102460521,59.46118233618234,69.68055335968378,73.85903339191564,71.44004958677685,74.47341317365269,55.87636503067485,65.92609144542773,85.46327927927929,92.77600995024876,55.19614457831325,,,,,,,,,,,,,,,,,,,,,,,,,,,,,,,,,,,,,,,,,,,,,,,,,,,,,,,,,,,,,,,,,,,,,,,,,,,,,,,
2021-10-23 00:30:00+02:00,,,51.69344073647871,27.2963687150838,87.17897285067875,96.15183574879228,85.47989605734767,68.54127690946622,68.6745283018868,73.54896551724137,72.23333333333333,75.30232142857143,56.90705263157894,66.01709342560554,80.42446009389673,89.47003984063744,,,,,,,79.49329218106995,,49.13481481481482,,,,,,,,,,,,,,,,,,,,,,,,140.7672222222222,,,,,,,,,,,,,,,,,,,,,,,,,,,,,,,,,,,,,,,,,,,,,,,
2021-10-23 00:45:00+02:00,,,,68.03236782477342,100.29317896389324,93.4016060961313,85.00516826923078,81.66553459119497,72.10961240310077,72.99776,71.55016129032258,76.57493827160494,54.40361111111111,67.00683453237411,80.3725,81.4016109215017,57.329791666666665,67.80794117647058,80.85387499999999,78.72443324937028,58.30337238493725,61.90165909090911,80.38763546798029,93.55,,,91.25413793103446,,,,,160.43572953736654,,,,,,,,,,,,,,,,,,,,,,,,,,,,,,,,,,,,,,,,,,,,,,,,,,,,,,,,,203.5547307692308,,182.13375,,,,,
2021-10-23 01:00:00+02:00,,,,,107.70417435897436,106.97561530506721,74.30440337224385,72.90133014354068,72.51689530685921,76.39157894736843,75.1695179584121,82.10056363636365,61.99342424242424,70.52614107883817,85.73347305389221,73.84424543946932,59.2045,69.35466666666665,78.95208333333332,78.62576687116564,57.74891540130152,61.160869565217396,81.89454545454547,97.13604,49.415,,93.56000000000002,95.13787878787879,,,,,,,,,,,,,,,,,,,,,,,115.9648695652174,,,,,,,,,,,,,,,,,,,,,,,,,,,,,,,,,,,,,,,,,,,,,
2021-10-23 01:15:00+02:00,,,,,,91.6050315258512,95.50355925785689,73.07836746302615,69.93863789615645,81.85933247753529,76.09856321839081,79.20370979805536,67.77564960629921,71.81848984771574,86.02944117647058,73.72761904761906,62.50132500000001,71.63010050251258,88.5476044568245,80.13321568627453,57.74934484812389,61.39075425790753,86.16680751173709,101.72115898959882,49.29626666666667,66.40593264248704,98.73629770992368,102.5929009009009,83.84423529411764,93.2354320987654,130.69318181818178,165.70650602409637,,,,,,,,,,,,,,140.93033333333335,116.10000000000001,92.34,,,,,,,,,,,,,,,,,,,,,,,,,,,,,,,,,,,,,,,,,,,,,,,,
2021-10-23 01:30:00+02:00,,,,,,,112.06457350272233,93.37240206185567,70.37164221486039,101.07083708370838,79.71723851687881,82.89109157509158,68.72624867162592,77.05233082706768,86.67238095238096,79.19960743801651,65.01962162162162,73.53748110831233,98.86321782178217,89.04618666666666,57.69971800433841,63.53513157894736,92.27490909090912,111.98071428571428,48.19225806451612,67.29000000000003,105.65714285714286,117.098,84.82240506329113,93.77148936170212,131.21576923076924,167.25836363636364,,,,,,,,,,,,,,,,,,,,,,,,,,,,,,,,,,,,,,,,,,,,,,,,,,,,,,,,,,,,,,,,
2021-10-23 01:45:00+02:00,,,,,,,,103.76216530849827,85.257413455258,109.66925081433222,132.3206202209006,114.24037942122187,71.48309027777778,72.79501945525291,93.6648387096774,84.28057142857143,,73.34583333333335,99.02953488372093,92.5133333333333,57.31167358229598,69.01082527881042,117.16587366694012,116.17054852320675,51.88195333695062,70.18759868421054,114.13394495412844,127.34675925925923,85.53472222222223,93.275,130.87636363636364,168.72460732984294,,,,,,,,,,,,,,,,,140.4960606060606,,,,,,,,,,,,,,,,,,,,,,,,199.39049999999997,223.55451612903227,,,,,,,,,,,,,,,,,,,,,,
2021-10-23 02:00:00+02:00,,,,,,,,,117.25493638676848,118.57596170583116,104.88401622718054,121.83105826397147,75.46195121951217,72.95084615384616,97.84152173913043,83.85829545454546,68.38620111731844,74.68581052631579,94.82125188536955,88.3683582089552,57.351020408163265,,119.30722222222222,,68.83613924050631,,122.78525,,,94.02666666666669,,,,,,,,,,,,150.177880794702,,131.3,,,,,142.53157894736842,116.99571428571429,116.30923076923077,,,,,,,,,,,,,,,,,,,,,,,,,,,,,,,,,,,,,,,,,,,,,
2021-10-23 02:15:00+02:00,,,,,,,,,,125.70837310195229,114.7046490066225,102.22709078860173,78.03452423698384,111.30717948717948,107.6110407239819,89.07382113821137,88.84837104072398,82.97793448589628,106.29306397306398,92.82263969171484,58.460544904137244,,102.80190476190477,121.04791208791208,57.12814953271028,75.49002320185613,121.71108108108109,110.36433526011561,86.5746376811594,93.67666666666666,130.7934065934066,167.94247191011237,,,,,,,143.00230769230768,127.11264705882351,159.50629921259844,150.8782882882883,143.88494845360822,131.9452873563218,160.52772845952995,143.29441747572815,119.94104477611936,93.87305084745759,143.4760153256705,117.62561403508772,117.44582914572864,,115.24,104.63791666666665,95.90000000000002,92.07919999999999,,,,,,,,,,,,,,,,,,,,,,,,,,,,,,,,,,,,,,,,
2021-10-23 02:30:00+02:00,,,,,,,,,,,125.12972756410255,124.9500979955457,95.43746060606061,120.33261758691208,132.88636221701796,89.66663658736667,98.12894854586128,120.57374340949035,114.77180685358256,102.18074074074073,65.8375106685633,72.88489795918368,158.79273913043477,141.08474418604652,60.65454787234043,83.96969230769228,144.77107558139534,132.4054411764706,87.401592039801,97.56102389078498,132.52966666666666,170.76235690235688,,,147.2409433962264,,,,,,,149.61391304347828,,,,,,,,116.74454545454543,,,117.50091743119268,106.42777777777782,96.61489130434782,93.25752475247523,,,,,,,,,,,,,,,,,,,,,,,260.2294736842105,,,,,,,,,,,,,,,,,
2021-10-23 02:45:00+02:00,,,,,,,,,,,,84.91165867689358,74.20683620044876,77.78300207039338,105.73929652715941,76.67982671883735,105.95474725274725,120.30628959276017,153.63780979827092,112.92505938242282,69.79451763140385,75.89592565055763,190.7676445993031,169.70053811659193,73.94626841243863,105.588099078341,147.61517857142857,149.7068132854578,91.50038376383763,106.04740331491712,139.19028776978416,175.21572327044026,130.58626506024098,151.58824742268044,149.67528688524587,149.48211320754717,150.30606060606064,149.8093023255814,143.44110236220473,132.06298245614036,163.30698450536352,156.0649142857143,145.38085875706216,133.12580078124998,,,,,,,,,,,,,,,,,,,,,,,,,,,,,,,,,,,,,,,,,,,,,,,,,,,,
2021-10-23 03:00:00+02:00,,,,,,,,,,,,,18.47741799831791,37.30951890034364,58.18224216710183,55.397468274111674,85.85254310344828,101.06140170940172,132.935950991832,95.46713917525774,73.25643799472296,85.85612903225808,154.5578792822186,157.41863216266174,83.56158208955225,,,135.2726470588235,110.8640782122905,127.0673154362416,145.76637333333332,171.61214488636364,,153.59755555555554,,153.19947775628626,150.61622950819674,153.28268292682918,143.70126760563383,131.98312499999994,164.81,156.92032258064518,145.39272151898734,132.2870159453303,,,,,,,,,,,,,,,,,,,,,,,,,,,,,,225.52639484978533,,,,,252.0286419753086,199.9957831325301,,,,,230.5074576271187,,,,,,,,,,,
2021-10-23 03:15:00+02:00,,,,,,,,,,,,,,47.30081718177056,54.54172405604369,44.96210321668434,59.61439521800281,116.73121644295301,167.69890060240962,134.72668313338036,99.17978210116732,102.25491379310347,147.53251392757662,150.07808310249305,85.67426136363638,129.7626498422713,122.34987281399044,133.81143502824858,101.97230576441102,137.58048523206747,152.62092307692308,170.55647564469913,134.01388987566608,154.68075034106414,150.65426724137936,153.39984869325994,,,,,,151.82312101910827,145.05777777777777,,,,,,,,,,,,,,,,,,,,,,,,,,,,,,,,,,,,261.06105263157895,,,,,,,,,,,,,,,,,
2021-10-23 03:30:00+02:00,,,,,,,,,,,,,,,39.025688532799194,16.76405845511482,90.07580805569368,158.57803154205607,179.8328078972109,187.47754690164868,104.22131944444443,119.05180212014133,156.26873812754408,158.52967741935484,99.48731557377049,141.08359237536655,151.055303514377,135.0,104.73187074829931,149.30337704918034,154.70623893805308,170.13410480349341,139.8874528301887,158.16266666666667,157.6575238095238,153.1509793814433,154.17110169491525,154.35745762711863,145.940593220339,132.16975609756096,166.0875935828877,160.23217391304345,147.55240196078435,135.22717299578056,,,,,,,,,124.89453488372092,108.2698148148148,99.90476190476188,96.42651162790699,,,,,,,,,,,,,,,,,,,,,,,,,,,,,,,,,,,,,,,,
2021-10-23 03:45:00+02:00,,,,,,,,,,,,,,,,-14.825154355016537,82.48123613312204,99.40449370880766,140.23455223880595,136.6829799426934,109.49638686131388,108.95303448275862,135.17805555555555,146.8588866396761,101.37155555555555,129.79546099290778,,135.08347071583515,,,,171.61394422310758,,,,,159.17795336787563,159.6672192513369,153.15955555555553,134.56186948853613,,,,133.51677419354843,,144.5,120.20000000000002,100.33000000000001,,,,,,,,,,,,,,,,,,,,,,,,,,,,,,,,,,,,,,,,,,,,,,,,
2021-10-23 04:00:00+02:00,,,,,,,,,,,,,,,,,42.499027237354085,73.21366581415177,102.09151315789474,125.97698305084744,68.49145649139135,121.22353459972864,135.90233538191393,135.8806125080593,,130.0,153.5282242990654,135.28714285714287,92.91447236180905,134.55614255765198,154.22500000000002,170.68155612244897,141.55567441860464,160.87090322580644,162.2331972789116,155.95074999999994,,,,,,158.5312,,,,,,,148.81274509803922,118.54917562724016,120.65699999999998,98.29586206896553,,,,,105.32930434782612,114.92011560693642,133.1344099378882,153.53763358778627,,,,,,,,,,,,,,,,,,,,,,,202.3452150537634,,,,,,,,,,,,,
2021-10-23 04:15:00+02:00,,,,,,,,,,,,,,,,,,71.77590566037736,102.42541139240507,114.43651865008881,77.39481711097334,143.83418049792533,168.78251946862116,170.2901575757576,96.41522222222221,138.6347859922179,151.02595744680852,143.40256198347112,103.12539614561028,135.79869379014988,160.15755555555558,171.1906885245902,143.14794721407625,164.15608490566038,,,,162.25433333333334,157.10688888888888,136.43823529411765,,161.67103658536587,,,164.97833333333332,145.30676470588233,120.12085714285716,98.6220588235294,152.28095238095244,119.98380952380957,124.34799999999998,97.20000000000005,125.04184397163121,111.2085333333333,102.7568501529052,98.80410377358487,,,,,110.42645739910314,149.5249431818182,176.95962025316456,202.44045569620258,,,,,,,,,,,,,,,,,,,,,,,,,,,,,,,,
2021-10-23 04:30:00+02:00,,,,,,,,,,,,,,,,,,,76.66156488549619,131.45944099378883,130.37810508182602,154.8078511087645,171.28713038416763,184.39382450331127,101.72097777777778,150.774375,157.66068825910932,160.8594647201947,105.20392592592594,136.19392156862745,162.380206185567,171.92321428571432,147.60333333333335,164.8841328413284,162.79780141843972,160.1495890410959,159.95705263157896,167.39557142857143,,136.2263535911602,,165.21078651685391,,,,,,,,,,,,,,,,,,,,149.87333333333336,179.80666666666667,,,,,,,,,,,,,,,,,,,,,,,,,,,,,,,,,
2021-10-23 04:45:00+02:00,,,,,,,,,,,,,,,,,,,,101.05379094076655,64.6399853515625,113.8467496886675,138.95052894211577,173.89792580101178,103.41067741935484,152.20510638297873,162.74185430463578,161.15706260032104,106.21926587301586,130.35780141843975,166.55034205231388,171.99173553719007,148.58643564356436,,164.76566037735847,160.32573055028467,,,,,170.69519553072627,165.33090909090905,149.67631284916203,137.28846938775507,170.73771309771308,148.98848484848492,122.48166956521739,104.08901408450704,153.9975675675676,121.35954337899544,126.38333333333333,100.33783783783787,119.48628571428571,,,,,,,,,,,,,,,,,,,,,,,,,,,,276.33476190476193,239.80875912408757,204.05616071428574,166.34591078066916,,,,,,,,,,,,
2021-10-23 05:00:00+02:00,,,,,,,,,,,,,,,,,,,,,174.9681004901961,190.95099099099096,124.10342645850452,165.10528336380256,97.56346640701071,142.21249422632798,161.27593260188084,162.38880516684605,104.34834586466165,132.10000000000002,166.48329621380844,176.01176991150444,153.0471681415929,164.99897058823527,165.26274223034733,160.80849999999998,164.0451879699248,172.03666666666672,161.9465671641791,136.62845454545456,,,,,,,,,154.6195238095238,,,,,,,,110.43966666666668,116.36785714285713,139.46681592039803,156.20212765957444,112.48139860139861,151.92214285714286,180.79142857142858,206.88285714285715,,,,,,,,,,,,,,256.62692307692316,251.59164179104474,,279.0305,240.5,,,,,,,,184.41333333333338,,124.83347107438016,,,,
2021-10-23 05:15:00+02:00,,,,,,,,,,,,,,,,,,,,,,160.3464705882353,200.53519769357496,184.56897435897437,81.14889990089195,144.59284552845529,166.03618231046931,160.91131555555557,96.20503891050583,118.00651830985917,164.80933489827856,185.69211622807012,148.25178988326846,164.14823008849555,158.1179253112033,159.93,,,,,,,,,178.77731707317074,155.02780645161292,128.92424242424244,106.0620399113082,159.16688206785136,122.60740740740741,,103.31666666666668,119.14220588235293,113.81196078431374,106.79012500000002,106.8189898989899,108.5573134328358,118.51954198473285,,160.17206349206353,,,,213.6704492512479,134.8836296296296,172.59608938547484,190.8350393700787,,164.16987951807226,185.8877380952381,,,,,,,,,,,,,,,,,,,191.9778199052133,184.1230463576159,165.84433121019106,120.39966386554622,,,,
2021-10-23 05:30:00+02:00,,,,,,,,,,,,,,,,,,,,,,,293.79084521922874,257.8764975450082,99.37690741329939,165.57802498992342,157.64327411738253,167.8126369112815,116.15621067031465,147.1188123924268,162.440194092827,201.10624390243902,152.47051948051947,165.27000000000004,163.80252365930602,169.78894454382828,163.5468528183716,190.03232809430256,167.32707452725248,145.77741007194248,181.57623287671237,164.76406113537118,154.01371841155233,141.5168691588785,,,134.57666666666665,,,,,,,,,,,,,,,,,,,,,,165.03167539267014,189.31728291316526,216.54223776223776,256.1701052631579,,,,,,,,,,,,,,,,,,,,,196.27925925925925,,,
2021-10-23 05:45:00+02:00,,,,,,,,,,,,,,,,,,,,,,,,170.60059615384614,71.1693607305936,129.55773175542407,133.26265060240962,164.9147738693467,96.66317472118959,127.38764625850341,154.81023554603857,190.00350609756097,,,174.78692307692307,,174.8283890577508,187.16594142259413,,148.8796511627907,182.03867298578197,,,,,,,,,,,,,,,,,,,,,,,,,,,,,,226.46778947368418,,,,,,,,261.3825984251968,200.19271062271062,,,,,,,,,,,,,,,,
2021-10-23 06:00:00+02:00,,,,,,,,,,,,,,,,,,,,,,,,,73.31891011235955,89.28463026166098,142.517359437751,152.54332717190385,74.78933787731256,120.83559649122809,146.78208333333333,195.02398671096347,157.9235163996949,160.3732629107981,177.53357723577233,,,187.9021935483871,173.4722310756972,,,,,,,,139.63753086419752,,164.11182648401825,126.28014234875444,136.78050541516245,109.71761061946904,,,,,,,,,,,,,,,,,,,,,,,,,,,,,,,,,229.62821428571428,,,,,,,,,,,
2021-10-23 06:15:00+02:00,,,,,,,,,,,,,,,,,,,,,,,,,,61.85661672908863,110.25801606425702,159.78039845758352,60.47890229885057,106.87148984198646,152.1977300613497,191.87979430379747,158.6705627009646,158.33017123287672,168.61688206785132,169.79931506849317,181.00468085106385,184.78211538461542,173.5977419354839,,200.81669034090905,177.0970588235294,161.01702517162468,148.8971,175.40379921259844,158.06555240793202,145.08461165048544,108.1848619631902,,,,,124.02971428571428,,,,,,,,116.63215686274509,152.628,183.26833333333335,205.5828346456693,,,,,,,,,,,,,,,,,,,,,,,,,196.6029166666667,,,,,,,
2021-10-23 06:30:00+02:00,,,,,,,,,,,,,,,,,,,,,,,,,,,99.57978270132084,143.81076316619365,66.62666145181477,122.00759622113365,177.70430707166585,213.68737734816705,157.70319280205655,166.64240601503758,175.9718700475436,158.35774475524474,183.91768518518518,196.25850828729287,168.8268115942029,158.28465065502186,209.4867543859649,192.80925,165.48248062015506,156.51416666666668,186.8295278969957,163.70126126126127,148.79645418326692,115.4467777777778,173.0636065573771,128.92024096385543,149.2695412844037,113.30278688524592,,,,,,,,,117.56469387755101,152.38919354838708,186.2373846153846,,,,,,,183.71534883720932,,,,,,,,,,,,,,,,,,,,,,,,,,
2021-10-23 06:45:00+02:00,,,,,,,,,,,,,,,,,,,,,,,,,,,,131.4653731343284,86.11001181334908,91.14949103528053,192.9909073359073,212.8538532110092,161.43759388924252,191.2761934283943,195.0903228962818,167.1232710280374,196.652549490102,199.98910774410777,185.85944181646167,163.90180748663101,211.16979922779925,200.74230179028135,172.77495515695068,161.7795420974889,196.76983673469388,175.33030674846623,163.56272952853595,138.636642599278,191.29249999999996,142.4406032482599,158.81012891344383,116.74212765957446,133.74500000000003,,,,99.9041095890411,,150.78833333333333,158.4114285714286,121.41031746031743,152.50619718309858,187.62462962962965,201.77323943661975,135.40518292682927,,,,,,,256.2785990338164,,,,,,,,,,,,,,,,,,,,,,,,
2021-10-23 07:00:00+02:00,,,,,,,,,,,,,,,,,,,,,,,,,,,,,155.8352338530067,179.83864501679736,206.07296043656208,213.55941491955144,162.76094776119405,204.73523381294964,206.99324064171125,194.29884476534298,203.65229508196722,206.45304195804198,199.88601185436073,164.14836751105747,215.4674886877828,203.22413223140492,174.13991701244814,166.69335429769393,204.13708278580816,177.96578947368423,164.14806544754572,161.62263719512197,188.7461946902655,156.97526785714288,160.56672727272726,130.25724137931033,140.03124999999997,132.77244444444443,115.88333333333333,128.81412698412703,100.77182539682538,125.75560830860533,153.97052631578947,169.27323943661975,,,,,,,,,,,,,,,,,,,,,,,,,,,,174.34943181818184,193.87232558139536,188.05301829268296,161.75787401574806,137.35839869281045,198.47419354838706,,,
2021-10-23 07:15:00+02:00,,,,,,,,,,,,,,,,,,,,,,,,,,,,,,188.67174978503866,208.03395833333332,222.71526664897848,162.18610061349693,209.2536652669466,210.60702069309397,205.4169626355966,200.1453263707572,208.74619607843135,186.20684353741493,158.21299999999994,221.36608780487805,198.30520100502514,164.29227661227662,162.2099684542587,,177.12405405405406,,134.94917431192664,,,,,124.3991089108911,128.17581699346405,113.7629268292683,114.41412186379927,101.02380471380471,124.0549506903353,145.52904761904762,156.02132169576058,,,,,133.22725352112676,,194.65800670016748,228.8794936708861,,193.97166666666666,,,203.2759714285714,225.28324729392173,244.81310000000002,268.81772727272727,294.18549999999993,266.66874999999993,259.69290322580645,200.9309433962264,275.32131979695436,237.64221238938052,206.096,164.57465346534653,,,,,,,,,,,,
2021-10-23 07:30:00+02:00,,,,,,,,,,,,,,,,,,,,,,,,,,,,,,,191.18430227565477,192.40109673444235,192.28792662116038,225.28067292644758,221.5145260058881,219.28915368556287,206.69357104267965,219.64492546986392,205.437108033241,163.59022756827048,223.59020833333332,206.19280487804878,169.53403314917125,162.0142748091603,202.47611793611793,178.44157971014488,165.33456175298804,151.72070564516133,175.880691318328,155.03800542740845,159.99300113250288,145.6243523316062,140.8166666666667,,,,,,,158.8939705882353,,,191.25834437086095,,,,200.39204013377923,,,,,,,,,,294.68403053435117,268.0763300142248,260.4558897637795,203.38710777626193,267.0,236.33999999999997,205.4560606060606,167.69759259259257,235.38913043478263,206.1703703703704,,,,,,,,,,
2021-10-23 07:45:00+02:00,,,,,,,,,,,,,,,,,,,,,,,,,,,,,,,,179.52293242254206,182.32679583574318,204.28791009463723,207.08448167539265,207.35870954356847,206.54926701570682,205.26929687499998,205.23032902467682,161.5356015523933,221.54429687500001,196.91319875776398,172.60713513513517,,,173.70494505494509,,,,164.10923076923072,162.2427777777778,136.2871794871795,,,,,,,,,,,,,,,,,,,,,209.8738241308793,231.2415444617784,247.86326133909287,273.2361464354528,,,260.10457943925235,204.52471571906358,,,,,,,,,,,,,190.68538135593226,154.64053811659193,139.21861244019138,
2021-10-23 08:00:00+02:00,,,,,,,,,,,,,,,,,,,,,,,,,,,,,,,,,179.12058241758243,196.92277743715513,203.71587724377534,200.46400000000003,208.3315277777778,206.53734924623117,207.83685714285716,175.85377880184336,222.80812962962958,202.07098701298702,185.33445623342175,159.73473684210524,207.8886846038864,167.09545365853657,172.16133243606998,151.23566844919787,160.03953781512604,,,136.96937499999999,,,,,,,,,,,199.96477272727276,205.64851063829786,,,,229.29462616822426,,,,,,,,,,,260.7318032786885,204.97400468384072,,,,,,,,,,,,,,,,
2021-10-23 08:15:00+02:00,,,,,,,,,,,,,,,,,,,,,,,,,,,,,,,,,,196.22415164520743,202.45313774241671,204.26499658236497,236.880755048288,224.5094954337899,222.81330226134995,207.9517770767613,224.64186857398303,211.7803117505995,183.38754538279395,162.2097256385998,211.90339219330855,165.93745984533012,181.74752399232244,164.25810194500335,163.6759793814433,159.78534246575344,,,,,119.64545454545456,125.67055555555555,104.28790606653621,128.4926829268293,153.50767676767674,182.93996015936253,126.0061695906433,152.15155555555555,201.1973224043716,207.4126712328767,,,,,,,,,207.526524822695,,,,,,260.8827380952381,204.64242537313433,266.6635240274599,237.57539325842694,207.3884132841328,171.06476454293625,,207.13926966292135,,,,,,,,,,
2021-10-23 08:30:00+02:00,,,,,,,,,,,,,,,,,,,,,,,,,,,,,,,,,,,203.84509980430528,208.91211979774403,299.3241042047532,242.20681008902073,220.54784272051006,211.26256061502067,231.31979269496546,215.19237547892718,194.7873366013072,161.42514918190568,222.6466024759285,169.16053412462907,175.98049407114627,160.93899563318777,163.12513888888893,159.25909967845664,165.5365205479452,159.72803225806453,143.56804958677685,118.97790163934424,108.30790294627381,126.2518403247632,107.27000000000001,134.02774603174603,155.5468817204301,189.07263157894738,,,196.1481891025641,208.7716140350877,,,,,166.08913978494624,196.13744791666664,,257.1694139194139,207.71505494505493,,,266.8578021978022,,,,208.20740740740737,266.70615969581746,235.60978723404256,208.4329012345679,,,207.10553299492386,,,,,,,,,,
2021-10-23 08:45:00+02:00,,,,,,,,,,,,,,,,,,,,,,,,,,,,,,,,,,,,148.62336036036038,287.1233162073797,226.60360830860537,202.05358044164038,200.16031249999997,230.89052855407047,217.50525531914892,196.4146043165468,161.25746913580247,204.2103395061728,177.6763897763578,168.98794449262797,162.6610826210826,,,,134.67888461538462,,,,,,132.72434782608698,,,,,,,,,,,,,,,,,,,,,,,270.0350694444445,235.40923076923076,205.73846153846156,186.51480314960634,234.76714285714283,204.25285714285715,,,,,,,,,,
2021-10-23 09:00:00+02:00,,,,,,,,,,,,,,,,,,,,,,,,,,,,,,,,,,,,,229.7291950757576,223.5528878990349,210.35973418394474,191.6431708901885,216.2531245283019,207.98538071065985,197.1266210670315,163.187660472973,200.99944444444446,175.16777777777776,157.07486486486485,137.34883928571426,161.61217647058822,,151.9043137254902,137.1187,,113.19285714285715,,,101.27996268656715,127.29846153846157,149.16056338028167,170.31271739130435,,146.0251771117166,,,,,,,,,,,,,,,,,,,274.34763636363635,238.20484149855912,205.7742946708464,176.37843373493976,,,,,,,,,,,,
2021-10-23 09:15:00+02:00,,,,,,,,,,,,,,,,,,,,,,,,,,,,,,,,,,,,,,195.6048625954199,201.40965843023258,195.85019141231243,224.4081215469613,206.18384949348768,203.80022920759657,179.02126955256455,209.475677799607,175.09097150259066,160.17445491251686,142.1488904694168,168.05039492242597,154.29523706896552,158.84023648648648,142.53963855421688,135.80803030303034,117.38894736842109,108.8308695652174,151.53619047619046,106.28076923076924,130.7634615384615,153.4317073170732,169.8279057591623,,,,,,,,,,,,,,,,,,,261.1350622876557,205.68309255079004,,234.77000000000004,207.5885858585859,188.7044923076923,230.7366153846154,,,,,,,,,,,
2021-10-23 09:30:00+02:00,,,,,,,,,,,,,,,,,,,,,,,,,,,,,,,,,,,,,,,206.03955400696864,198.0607064160726,252.84055228276878,210.49942446043164,207.88243018867922,191.03757089352592,208.01437499999994,195.16522343594835,159.7399656357388,124.717417538214,,150.2468493150685,143.8195541401274,145.277032967033,133.32503401360546,112.17414814814816,109.67596899224807,,104.05922558922562,132.9669433962264,158.76094707520892,167.657252311757,,151.252962962963,,210.3965909090909,,,,,,,,,,,,,,,261.20718446601944,203.93188034188032,269.75108359133134,234.88166666666666,207.32528089887643,198.28018433179722,,,,,,,,,,,,
2021-10-23 09:45:00+02:00,,,,,,,,,,,,,,,,,,,,,,,,,,,,,,,,,,,,,,,,190.91696124031006,224.550531107739,197.6407798617966,200.18573426573428,184.753706377858,201.3543951612903,186.883631713555,162.70946700507614,116.26812925170067,178.2709014084507,,143.52923809523813,125.76347670250898,131.39766138855052,111.19599182004089,102.85605633802817,123.29202020202018,100.35846522781775,,,,109.64301060070672,151.8127397260274,193.0321224489796,208.57517928286856,120.32565552699228,,,,162.857903930131,,,,,,,,,,,,270.11083333333335,234.50094339622643,206.12502654867254,199.501244813278,,,,,,,,134.5595652173913,194.60393442622953,154.69384615384615,,112.13937888198762
2021-10-23 10:00:00+02:00,,,,,,,,,,,,,,,,,,,,,,,,,,,,,,,,,,,,,,,,,197.50084595959595,172.3559636813867,176.15777281191808,164.26194752774973,189.5482511923688,169.3119931271478,132.02788888888892,100.73230033476804,151.6904286326618,137.89584219858153,131.90233942803565,117.90111441307577,121.1816085106383,105.55728571428571,93.16322309711286,102.18857142857142,100.31232283464567,121.35538100820634,144.19172027972027,153.38002828854314,111.11713513513513,150.63272189349112,179.73509036144574,203.20546511627907,116.51209115281502,171.14735632183908,,,,,,,,,,,,266.77311475409834,259.75490813648287,,,231.35862745098044,,,229.21824368825466,197.92454545454544,,,,,,,194.42209302325583,,,
2021-10-23 10:15:00+02:00,,,,,,,,,,,,,,,,,,,,,,,,,,,,,,,,,,,,,,,,,,158.36874782002093,154.80073256840245,136.35776914539403,183.68013381995138,163.00968424479166,132.74278206026628,101.6855734726323,157.10078247261347,144.3342782152231,129.8325181598063,108.37305785123968,128.26098445595855,110.76278026905828,93.98315035799521,100.2274556213018,,,138.72909747292414,,,,,,115.94226190476192,177.1124096385542,202.54120300751885,230.7273076923077,,185.5100943396226,217.08816239316238,245.56660961695195,,,,,294.8449525616698,266.76381656804745,258.50444444444446,210.50306285714285,,,,,225.13999999999993,197.42391304347825,186.73715189873417,173.28065868263477,190.73268292682926,184.2392405063291,152.18367088607596,133.27291666666667,193.9286384976526,154.59034090909088,132.8971835443038,118.07376344086023
2021-10-23 10:30:00+02:00,,,,,,,,,,,,,,,,,,,,,,,,,,,,,,,,,,,,,,,,,,,103.94185377791375,106.6890947832476,178.09693333333334,169.02493286631642,154.57740573152336,121.1559194686592,173.44434738955826,155.26798513625104,148.89493735763097,107.6372776949826,121.04842105263158,115.306171875,99.13,96.26895708352562,105.62893506493506,130.89185110663982,141.29545454545453,159.2790076335878,116.87474597273855,152.03119402985075,181.20388012618298,202.25626373626375,,,194.66634615384615,230.98899135446686,,,,,,,,,,,,,,,,,,,,,193.72081632653058,,,,,,,
2021-10-23 10:45:00+02:00,,,,,,,,,,,,,,,,,,,,,,,,,,,,,,,,,,,,,,,,,,,,81.45436716791978,164.22537288135592,148.98336296296296,137.38278395061724,114.46358525688757,154.48138435081688,125.86777276825971,142.45232512315272,107.05979750778815,104.91979197622587,106.41965753424657,100.62389344262296,99.27566666666667,100.23310104529617,123.62920454545453,,,112.34360902255641,,180.9053571428571,,,,,,,185.2466666666666,,,,223.7676666666667,240.88077922077923,258.23859016393436,,267.695205479452,258.68805555555554,,,231.34127659574474,202.44,186.8088235294117,212.01999999999998,195.40088888888891,185.01965317919078,172.36726562499996,,,,,,,,
2021-10-23 11:00:00+02:00,,,,,,,,,,,,,,,,,,,,,,,,,,,,,,,,,,,,,,,,,,,,,157.9352046086611,134.06217700626067,118.96422469823584,110.53651106639839,144.97533094812164,131.76007633587787,135.01298969072167,106.89232432432432,109.04185897435897,101.83323113207548,,,101.67517006802721,118.99875862068966,,,112.04782792665725,151.31466666666668,181.60544368600685,201.6158419243986,,,,,,,220.55925000000002,240.56474747474746,195.94118181818183,,,,,,,,,,,,,,185.30799086757992,,,,,,,,,
2021-10-23 11:15:00+02:00,,,,,,,,,,,,,,,,,,,,,,,,,,,,,,,,,,,,,,,,,,,,,,77.74764222295298,94.3466037735849,68.07362694300518,142.60463325740315,128.4511461412151,134.93631926605502,111.13910487898579,108.47586384071933,108.06478900883218,101.8923656845754,116.5017535254445,100.01621716287217,115.55947368421053,133.44714285714286,143.740375,111.52335766423357,151.3810576923077,165.61861163227013,203.31,,,202.8558163265306,233.6462354085604,162.52944250871082,,221.86467741935488,,,,,,,,,,,,,,,,,,,,,,198.4966101694915,159.46990476190476,129.84313432835816,117.53475524475523
2021-10-23 11:30:00+02:00,,,,,,,,,,,,,,,,,,,,,,,,,,,,,,,,,,,,,,,,,,,,,,,90.2987153024911,69.21730478589421,138.59861057998728,126.43736111111112,140.55743178170144,119.546277314263,112.39646616541353,118.67985350809562,116.91677189409369,121.60621160409553,107.1606727828746,129.82773706896555,135.80896907216496,146.37918032786885,,,,,,,,,,,,,,,241.8504255319149,,,,,,,,,,,,,,,,,,,,,
2021-10-23 11:45:00+02:00,,,,,,,,,,,,,,,,,,,,,,,,,,,,,,,,,,,,,,,,,,,,,,,,89.74352413498504,139.1659936305732,123.96871888281724,137.24746105402713,114.95449083105737,114.46228904847398,113.50383529411764,124.93877583465822,131.19733333333335,97.48036729036728,129.92840909090907,136.57139130434783,146.98385964912282,,,,,123.35544933078396,177.461,211.96988764044949,239.3388714733542,166.94018850987433,190.561286407767,218.58031936127747,246.74274653626728,200.8275757575758,227.4667199017199,240.9895358649789,259.4539397450754,,,,,266.3096380090498,230.43758620689653,200.1754545454545,178.25576923076926,,,,,,,,,,,,
2021-10-23 12:00:00+02:00,,,,,,,,,,,,,,,,,,,,,,,,,,,,,,,,,,,,,,,,,,,,,,,,,158.5003964552239,150.77391280947256,145.2819846091535,138.14889977392616,119.95531431119038,124.88939130434782,123.26725519287832,138.07676328502413,106.01502673796793,125.40262672811059,155.51473290598292,159.74487648673374,112.71759704251386,151.80255725190838,176.9620640569395,200.56163424124512,,178.17819101123592,,242.25013029315966,166.33743589743588,200.71678873239438,222.78975609756102,245.84066420664203,213.45465549348228,229.63533333333334,240.74643652561244,253.87243882544863,,,260.9114953271027,202.33564814814818,266.01,231.34000000000003,202.01916666666668,178.09583333333333,,,,,,,,134.3046511627907,,,,116.08166666666666
2021-10-23 12:15:00+02:00,,,,,,,,,,,,,,,,,,,,,,,,,,,,,,,,,,,,,,,,,,,,,,,,,,195.76325615763548,180.0900957354221,158.90323811649185,152.91843074459567,147.1343927125506,143.4279775280899,149.51162551440328,120.41964189189191,146.610437622469,153.299360780065,165.0420780141844,113.88706057596825,157.74814606741575,187.1711095305832,204.45371941272433,124.62932996207331,181.4570052083333,212.74339373970346,243.94984589041096,166.71581395348838,203.66069627851144,226.9228155339806,247.85692436974787,222.746131840796,233.6308638360175,244.23839898348155,261.6119910179641,278.346334440753,269.54975460122705,261.702338362069,209.67584,,,,,,201.02099337748342,,,198.32744939271257,,,,,,130.5309259259259,114.47063157894736
2021-10-23 12:30:00+02:00,,,,,,,,,,,,,,,,,,,,,,,,,,,,,,,,,,,,,,,,,,,,,,,,,,,224.27455158631022,194.1790807266767,169.95354314188302,173.1761073369565,147.73958904109588,163.05866541353384,124.5725856697819,158.68697998787147,163.21387515451173,180.34459736456807,125.70079545454549,168.62264285714286,,,129.74601428571427,183.24408695652176,210.92101449275364,244.36012658227844,167.75235897435894,209.41390728476821,226.8994470046083,250.0605157593123,,234.8249029126213,244.7651304347826,263.960463576159,283.604,267.57785046728975,259.80354666666665,211.3918343195266,,,206.92761467889906,,,,,,,,,,204.2853409090909,,130.22183908045977,
2021-10-23 12:45:00+02:00,,,,,,,,,,,,,,,,,,,,,,,,,,,,,,,,,,,,,,,,,,,,,,,,,,,,239.9022894369474,199.96868873602747,180.82924509310516,164.99027653631285,163.0822180801491,153.81830482115086,163.64619912790698,166.8300489541611,209.60844311377247,131.0143986820428,172.57075331125827,198.73358585858588,209.22427672955973,132.18347173144875,182.12357615894038,209.29046116504853,241.96934782608696,167.98341911764706,210.64003861003863,225.37541554959788,251.12076642335768,218.27018072289155,232.996976744186,243.6495890410959,,,261.5711855670104,256.6171777777778,,266.26818181818186,,206.94000000000003,,,,,,188.98282608695652,184.16201754385963,163.0796992481203,140.03106060606058,209.08130672926453,163.43268,126.39539187913125,100.45363970588235
2021-10-23 13:00:00+02:00,,,,,,,,,,,,,,,,,,,,,,,,,,,,,,,,,,,,,,,,,,,,,,,,,,,,,204.41904210526317,193.05087989723827,175.55776585038575,168.99532758620688,160.92870038064166,170.25475795297376,168.88507936507938,207.34333970681965,133.95896166134185,169.80832167832168,203.10511450381676,214.99981530343013,133.6814175654854,,211.55417391304348,,170.28938423645323,212.59561967833488,232.0763834422658,257.73848958333343,,,,,,,,,,,,,,,,,,,,,,,,
2021-10-23 13:15:00+02:00,,,,,,,,,,,,,,,,,,,,,,,,,,,,,,,,,,,,,,,,,,,,,,,,,,,,,,175.18244625967324,171.2343314285714,169.81882027381297,158.84197156983927,165.78250847457625,168.35229942933873,199.7404927438407,121.41723264064875,168.61561633843917,207.10690878378378,218.09617002237138,134.75039795918366,185.24720000000002,204.81354621848737,235.61614740368503,163.82954154727796,212.33285714285716,234.00603524229075,262.0118932038835,,,,,,,,,275.45616438356166,,,,,,,,,,,,,,,
2021-10-23 13:30:00+02:00,,,,,,,,,,,,,,,,,,,,,,,,,,,,,,,,,,,,,,,,,,,,,,,,,,,,,,,193.73779692470836,194.82267218831737,177.44008047767392,193.0220031007752,174.90043530834342,217.7102716522851,135.89680423280421,178.54228476821194,210.44746958637467,220.04532862190817,137.70395656279507,182.64689236111113,209.52116751269037,234.7026086956522,166.91203807390818,212.81786627335305,234.89022388059698,265.93083050847457,219.49871595330742,235.7783003952569,245.08183453237405,264.985619047619,,,,,,,,,226.39393643031786,206.2976382978723,187.3771686746988,167.46843373493977,196.80893333333333,,162.48666666666668,153.832183908046,,,,
2021-10-23 13:45:00+02:00,,,,,,,,,,,,,,,,,,,,,,,,,,,,,,,,,,,,,,,,,,,,,,,,,,,,,,,,164.51403759705764,153.1530011862396,183.6718577307466,188.76786163522013,202.25610337972165,133.53117216117215,170.61102021174207,207.03694214876032,228.6297904761905,137.46261029411764,179.80009868421052,199.03874509803924,239.74891139240506,163.77622222222223,207.5359090909091,,,211.73135593220337,,,,,,,,,,,,219.30273291925465,,,,,,167.1537343358396,,,,,
2021-10-23 14:00:00+02:00,,,,,,,,,,,,,,,,,,,,,,,,,,,,,,,,,,,,,,,,,,,,,,,,,,,,,,,,,183.66152490083738,203.48854914196568,211.96720349563049,224.95610652663163,131.0386526946108,183.76307850390464,203.11057343475716,227.5486686930091,138.47038265306122,181.205,199.90321100917427,245.154140625,167.88751238850347,209.85752232142858,237.76070460704605,268.47258169934645,,,,,,,,,,235.70111111111115,,,,,,,,184.36307692307696,,,,,,
2021-10-23 14:15:00+02:00,,,,,,,,,,,,,,,,,,,,,,,,,,,,,,,,,,,,,,,,,,,,,,,,,,,,,,,,,,201.2921938534279,236.31553846153844,240.90626738794435,136.97053100932308,187.51114261884902,203.13255585831064,222.3000785945446,132.1708471849866,177.46470588235297,201.30489552238808,250.34502811244982,169.14232142857142,208.38703125,,271.29169724770645,218.5463076923077,,,,,,,224.18282926829266,,,,,,,,,,,,,,,,
2021-10-23 14:30:00+02:00,,,,,,,,,,,,,,,,,,,,,,,,,,,,,,,,,,,,,,,,,,,,,,,,,,,,,,,,,,,288.97324595979507,268.1880846084608,157.96095465937572,198.50300196850398,198.27203795379538,218.5098514007308,129.50252520824202,177.03591248665953,204.68783653846154,248.8382009724473,171.5575514874142,202.45225255972696,234.56293103448274,264.442722513089,,,,,,,,221.8047826086957,,,,,,,,,197.78462184873948,184.281512605042,166.49178571428573,132.38070175438594,,,,
2021-10-23 14:45:00+02:00,,,,,,,,,,,,,,,,,,,,,,,,,,,,,,,,,,,,,,,,,,,,,,,,,,,,,,,,,,,,298.6758836395451,165.39882845188285,206.28688401924106,204.28426714801444,220.7965702891326,128.52350299401198,174.98157213930347,201.93847266881028,249.48217075386012,171.48911879895564,198.29479338842978,234.5777094972067,261.82623333333333,208.54858657243815,235.11614678899082,245.001640625,264.5816242038217,,,,,,,,,212.42640350877193,,,,,184.66666666666666,,,209.9041216216216,,124.67715909090909,
2021-10-23 15:00:00+02:00,,,,,,,,,,,,,,,,,,,,,,,,,,,,,,,,,,,,,,,,,,,,,,,,,,,,,,,,,,,,,163.10214114832533,205.05111111111108,210.2634584875727,218.37106666666668,128.30698066126013,175.53746753246756,200.9427462686567,250.64635388739944,171.29919208573784,190.9222151898734,235.28850190839694,264.2191844660193,203.93398230088496,,,,,,,209.13076923076923,,,,,,,,,,,163.53,,207.44047619047623,,113.9515238095238,110.45092105263157
2021-10-23 15:15:00+02:00,,,,,,,,,,,,,,,,,,,,,,,,,,,,,,,,,,,,,,,,,,,,,,,,,,,,,,,,,,,,,,183.59889364739473,203.964175035868,218.88683579985903,115.6708203125,178.2611298154743,216.27448236632537,267.98718174319504,168.7127111111111,192.22328220858893,235.60333333333338,269.8196717724289,204.26908256880733,237.3698881431767,245.28348290598288,264.32477083333333,,,,,,,,,213.6333333333333,,,,,,,,206.38617021276593,,,
2021-10-23 15:30:00+02:00,,,,,,,,,,,,,,,,,,,,,,,,,,,,,,,,,,,,,,,,,,,,,,,,,,,,,,,,,,,,,,,186.7299714693295,207.66656775907884,104.28428905109489,172.64891076115484,215.74883916083917,269.170033847311,168.23132243684992,192.03432,238.6573913043478,277.1564729064039,212.86958333333334,238.30932960893853,,264.39250000000004,,,,,,,,,,,,,195.47826086956525,186.5371134020619,160.69233333333335,,,,,
2021-10-23 15:45:00+02:00,,,,,,,,,,,,,,,,,,,,,,,,,,,,,,,,,,,,,,,,,,,,,,,,,,,,,,,,,,,,,,,,185.23970186335404,110.60963358778626,177.19406480117817,210.3930288065844,262.32595689334823,166.7958193195151,190.79848567530698,240.51023593466425,277.3396163905841,209.253125,,245.19647668393787,268.8179268292683,,,,,,,,,,203.66636363636363,,,194.82668449197857,,,,,,,96.17202898550724
2021-10-23 16:00:00+02:00,,,,,,,,,,,,,,,,,,,,,,,,,,,,,,,,,,,,,,,,,,,,,,,,,,,,,,,,,,,,,,,,,108.71507462686566,153.3553043101581,207.70211017325636,249.38479541734858,161.91693942133816,192.74062884483934,249.4573976608187,277.95875432525946,205.3478640776699,239.97651960784313,246.2960173160173,270.06502873563215,289.8562603878117,255.84045751633985,256.24314136125656,199.69941489361702,,230.7824561403509,202.39237762237764,179.7343283582089,,,182.19447698744767,,,,,,201.24065527065528,165.25055393586004,107.70685185185188,
2021-10-23 16:15:00+02:00,,,,,,,,,,,,,,,,,,,,,,,,,,,,,,,,,,,,,,,,,,,,,,,,,,,,,,,,,,,,,,,,,,158.97257705479453,180.57346403596404,217.85023455377572,139.0923185840708,201.136355475763,244.4308758314856,279.86680997876863,204.0808185538881,240.22960960960964,247.42585333333332,267.9842292490119,280.21869565217395,248.9498109452736,258.7736529680366,202.93765158806542,266.07716621253405,230.28241610738255,199.18277777777777,184.38481327800827,,197.73610894941635,178.62611793611794,162.570943877551,195.38479553903346,184.3947565543071,,,192.8425412541254,161.12906735751292,,107.08000000000001
2021-10-23 16:30:00+02:00,,,,,,,,,,,,,,,,,,,,,,,,,,,,,,,,,,,,,,,,,,,,,,,,,,,,,,,,,,,,,,,,,,,136.93575205895098,179.53036906854132,133.74169322709164,178.33181172291296,220.8175465994962,256.4794200065168,203.48600427350428,,247.73328,268.9238775510204,282.69074918566776,244.4898579545454,260.8213265306122,210.29163323782237,251.16551020408158,,,178.4,208.88671388101986,,181.15949999999998,,194.22004716981132,184.88982817869416,157.7502727272727,,,,,
2021-10-23 16:45:00+02:00,,,,,,,,,,,,,,,,,,,,,,,,,,,,,,,,,,,,,,,,,,,,,,,,,,,,,,,,,,,,,,,,,,,,150.68430509596294,132.0772418300654,183.21427931960605,189.6909655172414,247.6223026926648,201.75970852017937,236.49333333333334,246.8767466986795,263.0573954802259,287.2126086956522,240.32039215686274,260.16776859504125,207.30607843137255,251.92702702702695,223.37254237288136,,,203.90860000000004,200.2398692810457,181.11406015037596,160.59550295857989,,,,,195.8993103448276,166.1391111111111,119.2464347826087,111.70235294117647
2021-10-23 17:00:00+02:00,,,,,,,,,,,,,,,,,,,,,,,,,,,,,,,,,,,,,,,,,,,,,,,,,,,,,,,,,,,,,,,,,,,,,137.63000641436818,171.89604152712658,187.3603958587089,233.43364197530866,196.59049824561404,238.15659182036887,246.63763816172192,261.93216586703227,286.1007537688443,246.10186666666667,261.40338709677417,200.2046996466431,,,,185.8575675675676,212.49705882352941,202.43000000000004,,,,,,,195.91702127659573,,128.87388059701493,120.7453038674033
2021-10-23 17:15:00+02:00,,,,,,,,,,,,,,,,,,,,,,,,,,,,,,,,,,,,,,,,,,,,,,,,,,,,,,,,,,,,,,,,,,,,,,139.92559384615384,165.03506087528794,184.65329376854598,187.65866635026103,225.6181439177613,241.41090449722083,252.6569792364367,274.65391143911444,248.5258461538461,257.76576832151295,198.7000382165605,253.30944444444444,220.85169686985176,192.64945634266886,177.15414173228342,204.9478032786885,199.2276726342711,185.34888888888892,161.39864615384616,189.64064784053147,184.78199677938807,,133.6283278688525,191.32146164978292,163.22797427652733,127.81721674876849,119.81056451612903
2021-10-23 17:30:00+02:00,,,,,,,,,,,,,,,,,,,,,,,,,,,,,,,,,,,,,,,,,,,,,,,,,,,,,,,,,,,,,,,,,,,,,,,142.68656069364164,164.55208607817306,177.06570245652776,194.45419951729687,223.37817798100596,221.94914521612432,262.9923942394239,240.175147826087,255.61695542472665,193.67322134387354,248.8141369047619,220.6168623481781,196.64669683257918,175.2831642512077,202.75724137931033,196.8271052631579,184.64632768361577,,189.55927953890486,185.0758389261745,154.76158192090395,127.89407692307691,186.5956455142232,159.40430588235293,133.29559999999998,116.74498803827751
2021-10-23 17:45:00+02:00,,,,,,,,,,,,,,,,,,,,,,,,,,,,,,,,,,,,,,,,,,,,,,,,,,,,,,,,,,,,,,,,,,,,,,,,153.04126754385965,166.1243419003115,181.74049348230912,197.30044568245123,200.5510885341074,264.6961214953271,244.52030211480363,259.46383858267717,190.5778994413408,,,,172.70421052631582,,192.2880487804878,,,189.48507042253522,,,,,,131.20999999999998,
2021-10-23 18:00:00+02:00,,,,,,,,,,,,,,,,,,,,,,,,,,,,,,,,,,,,,,,,,,,,,,,,,,,,,,,,,,,,,,,,,,,,,,,,,153.42469732246795,176.78138121546962,177.36740082079345,186.22014492753624,266.74310344827586,250.12550000000002,245.8466237942122,191.003468013468,242.59218487394958,,200.1563235294118,169.06970204841713,,190.40659574468083,182.83244755244755,,,,,,,,,
2021-10-23 18:15:00+02:00,,,,,,,,,,,,,,,,,,,,,,,,,,,,,,,,,,,,,,,,,,,,,,,,,,,,,,,,,,,,,,,,,,,,,,,,,,181.92881656804735,192.78557377049182,187.27251771571488,251.91516296296297,246.76989528795812,232.93683250414588,185.6160385982732,241.86556640625,214.52208223972005,190.73932673267325,168.34969830757908,199.09288932419196,186.4068018018018,181.75876019575855,,189.89044315992294,183.8627074235808,,,186.2878386167147,,,
2021-10-23 18:30:00+02:00,,,,,,,,,,,,,,,,,,,,,,,,,,,,,,,,,,,,,,,,,,,,,,,,,,,,,,,,,,,,,,,,,,,,,,,,,,,153.90633922261483,171.6019,197.76709440879927,192.3650409356725,202.88063146434405,183.57735231316724,233.68878292461395,211.80921936758892,192.11736389684813,160.36450000000002,195.3294413407821,184.70553398058254,,150.17466666666667,189.50076923076924,183.4176470588235,154.97507462686568,129.38511904761904,,,,
2021-10-23 18:45:00+02:00,,,,,,,,,,,,,,,,,,,,,,,,,,,,,,,,,,,,,,,,,,,,,,,,,,,,,,,,,,,,,,,,,,,,,,,,,,,,153.72531539888683,169.96689381933442,191.4665296367113,190.70308163265304,190.17271511368705,220.34038369304557,206.02851562499998,185.93377833753144,155.84562347188265,183.55360915492952,183.3493942054434,181.5626823238566,135.0195195729537,189.66753246753248,186.98857142857148,156.16373333333334,107.40136585365852,183.02620481927713,,,95.06644444444444
2021-10-23 19:00:00+02:00,,,,,,,,,,,,,,,,,,,,,,,,,,,,,,,,,,,,,,,,,,,,,,,,,,,,,,,,,,,,,,,,,,,,,,,,,,,,,134.56252413793104,147.08714579055444,177.15346433770011,182.5653935552034,218.1381667571972,193.76124262536877,183.714892649659,127.31157977883096,193.19494965143295,180.69120512820513,169.78336314847942,115.43090460526315,191.93754098360657,182.86992481203006,135.66760233918126,126.05646209386282,180.70264150943396,,,
2021-10-23 19:15:00+02:00,,,,,,,,,,,,,,,,,,,,,,,,,,,,,,,,,,,,,,,,,,,,,,,,,,,,,,,,,,,,,,,,,,,,,,,,,,,,,,158.1312228654124,149.577097107438,150.9661174292515,187.07750492125984,145.39702970297031,172.33143671607755,105.83711147274207,178.86676174496648,170.58688262195122,121.8384375,104.21709216965742,181.0906461086637,175.64482576557552,112.59558160504957,100.57370609318997,154.49133369330457,152.85061784897024,86.01489932885906,60.33878321678321
2021-10-23 19:30:00+02:00,,,,,,,,,,,,,,,,,,,,,,,,,,,,,,,,,,,,,,,,,,,,,,,,,,,,,,,,,,,,,,,,,,,,,,,,,,,,,,,151.34022813688216,146.21717291857271,204.9721797970034,170.21463035019457,168.88931775700934,111.28203435804704,189.39351005484463,178.42251329787234,138.67286170212768,114.90279778393352,184.0657624946604,179.57776111685627,110.4653460620525,105.343748403576,134.21741538461538,149.03679455445547,104.16255220417631,68.13507836990595
2021-10-23 19:45:00+02:00,,,,,,,,,,,,,,,,,,,,,,,,,,,,,,,,,,,,,,,,,,,,,,,,,,,,,,,,,,,,,,,,,,,,,,,,,,,,,,,,123.47415913200723,165.58538922155688,172.00955600403634,166.29121468926553,113.0091277596815,180.34035714285713,173.22408833522087,151.10322717622083,105.64670604270786,181.83225,173.25765042979947,115.28864734299519,108.1843153526971,130.2074388254486,143.48367469879514,105.01003115264797,76.39484320557492
2021-10-23 20:00:00+02:00,,,,,,,,,,,,,,,,,,,,,,,,,,,,,,,,,,,,,,,,,,,,,,,,,,,,,,,,,,,,,,,,,,,,,,,,,,,,,,,,,144.70259803921567,152.31428973277076,120.67706290672452,109.17363021018882,172.0030517082179,173.6740701754386,121.34131712259371,106.89295857988168,178.3955096418733,169.42244488977954,105.23821185617102,105.68914549653576,135.70991596638655,150.14968,104.2904246284501,62.65198463508323
2021-10-23 20:15:00+02:00,,,,,,,,,,,,,,,,,,,,,,,,,,,,,,,,,,,,,,,,,,,,,,,,,,,,,,,,,,,,,,,,,,,,,,,,,,,,,,,,,,134.56608604845445,123.59201508620689,102.51553577316189,177.1448655913979,170.17164444444444,98.14893548387097,105.82336826347306,171.40099514563107,144.95795584627965,106.3107438016529,103.201228668942,130.30095541401275,149.2802512562814,96.30310344827586,71.30064814814816
2021-10-23 20:30:00+02:00,,,,,,,,,,,,,,,,,,,,,,,,,,,,,,,,,,,,,,,,,,,,,,,,,,,,,,,,,,,,,,,,,,,,,,,,,,,,,,,,,,,124.2875517095821,97.30688709677419,173.69236024844722,149.4910686015831,109.49525998905308,104.06000000000002,170.61543902439024,141.69395184135976,111.11318016928657,104.46574222222223,129.7045531914894,148.6873745519713,100.22001650165015,79.33541489361701
2021-10-23 20:45:00+02:00,,,,,,,,,,,,,,,,,,,,,,,,,,,,,,,,,,,,,,,,,,,,,,,,,,,,,,,,,,,,,,,,,,,,,,,,,,,,,,,,,,,,110.64266193433895,167.75935211267605,129.55039776258545,111.42973109243695,102.0731062553556,172.24028598665393,122.88216000000003,106.38606741573034,107.58104622871046,125.93262955854128,129.20328125,99.20635294117648,83.57118421052633
2021-10-23 21:00:00+02:00,,,,,,,,,,,,,,,,,,,,,,,,,,,,,,,,,,,,,,,,,,,,,,,,,,,,,,,,,,,,,,,,,,,,,,,,,,,,,,,,,,,,,140.62690669371196,129.42028205128204,108.41297096053611,107.22747994652407,173.55787118644068,111.55618240516544,101.80620689655171,93.2077709454266,113.2778818737271,115.74378378378377,107.5291338582677,86.57014084507041
2021-10-23 21:15:00+02:00,,,,,,,,,,,,,,,,,,,,,,,,,,,,,,,,,,,,,,,,,,,,,,,,,,,,,,,,,,,,,,,,,,,,,,,,,,,,,,,,,,,,,,150.8934004474273,143.23692819781266,110.31698222405954,143.16620596205962,124.1957314756175,110.82351397604107,105.80180456026059,123.9092837715322,119.00045789043334,106.36239791485663,79.21720067453626
2021-10-23 21:30:00+02:00,,,,,,,,,,,,,,,,,,,,,,,,,,,,,,,,,,,,,,,,,,,,,,,,,,,,,,,,,,,,,,,,,,,,,,,,,,,,,,,,,,,,,,,162.63826649417854,140.34800411522633,161.535025146689,131.90305518169583,132.8826762738034,111.76507042253523,131.61677811550152,112.56189320388351,114.39027190332325,77.29270588235293
2021-10-23 21:45:00+02:00,,,,,,,,,,,,,,,,,,,,,,,,,,,,,,,,,,,,,,,,,,,,,,,,,,,,,,,,,,,,,,,,,,,,,,,,,,,,,,,,,,,,,,,,196.38150776053214,204.08426213592233,128.96613317043372,132.26676849642004,112.32654320987652,132.32851957295372,129.84799852832967,130.4437342192691,88.15293977812993
2021-10-23 22:00:00+02:00,,,,,,,,,,,,,,,,,,,,,,,,,,,,,,,,,,,,,,,,,,,,,,,,,,,,,,,,,,,,,,,,,,,,,,,,,,,,,,,,,,,,,,,,,233.62475149105367,161.60851555555556,128.25248915401303,125.86864221364222,137.28697916666667,137.49651942522618,135.91304545454545,103.82001869158879
2021-10-23 22:15:00+02:00,,,,,,,,,,,,,,,,,,,,,,,,,,,,,,,,,,,,,,,,,,,,,,,,,,,,,,,,,,,,,,,,,,,,,,,,,,,,,,,,,,,,,,,,,,193.6576177836762,130.96908034849955,129.8050041356493,145.27201280878316,130.19635761589402,128.0178255033557,97.41482730923694
2021-10-23 22:30:00+02:00,,,,,,,,,,,,,,,,,,,,,,,,,,,,,,,,,,,,,,,,,,,,,,,,,,,,,,,,,,,,,,,,,,,,,,,,,,,,,,,,,,,,,,,,,,,184.46959677419355,145.8934963768116,135.99249834473628,133.98599767306575,138.62074766355138,107.62557389635317
2021-10-23 22:45:00+02:00,,,,,,,,,,,,,,,,,,,,,,,,,,,,,,,,,,,,,,,,,,,,,,,,,,,,,,,,,,,,,,,,,,,,,,,,,,,,,,,,,,,,,,,,,,,,147.04223428312983,119.8607247706422,128.35583383869013,131.94976890756305,116.46582243633863
2021-10-23 23:00:00+02:00,,,,,,,,,,,,,,,,,,,,,,,,,,,,,,,,,,,,,,,,,,,,,,,,,,,,,,,,,,,,,,,,,,,,,,,,,,,,,,,,,,,,,,,,,,,,,103.27483122362868,109.33793624161073,123.92332422941864,98.46439316239316
2021-10-23 23:15:00+02:00,,,,,,,,,,,,,,,,,,,,,,,,,,,,,,,,,,,,,,,,,,,,,,,,,,,,,,,,,,,,,,,,,,,,,,,,,,,,,,,,,,,,,,,,,,,,,,82.13195444526082,107.115981173063,89.31956866804694
2021-10-23 23:30:00+02:00,,,,,,,,,,,,,,,,,,,,,,,,,,,,,,,,,,,,,,,,,,,,,,,,,,,,,,,,,,,,,,,,,,,,,,,,,,,,,,,,,,,,,,,,,,,,,,,91.66931754315536,65.41269516728624
2021-10-23 23:45:00+02:00,,,,,,,,,,,,,,,,,,,,,,,,,,,,,,,,,,,,,,,,,,,,,,,,,,,,,,,,,,,,,,,,,,,,,,,,,,,,,,,,,,,,,,,,,,,,,,,,109.07395985401462
